# --------------
[directions=1]
Vector[0] = (-0.590425,-0.804665,-0.062549)	


[directions=16]
Vector[0] = (0.519013,0.854199,0.031151)
Vector[4] = (-0.467151,-0.549242,0.692895)
Vector[8] = (0.029535,0.733272,-0.679294)
Vector[12] = (-0.760744,-0.566441,0.316879)
Vector[16] = (-0.680714,0.715159,-0.158670)
Vector[20] = (-0.281684,0.832306,0.477411)
Vector[24] = (-0.206770,-0.303548,0.930110)
Vector[28] = (-0.348364,0.817823,-0.458049)
Vector[0] = (-0.519013,-0.854199,-0.031151)
Vector[4] = (0.467151,0.549242,-0.692895)
Vector[8] = (-0.029535,-0.733272,0.679294)
Vector[12] = (0.760744,0.566441,-0.316879)
Vector[16] = (0.680714,-0.715159,0.158670)
Vector[20] = (0.281684,-0.832306,-0.477411)
Vector[24] = (0.206770,0.303548,-0.930110)
Vector[28] = (0.348364,-0.817823,0.458049)


