# --------------
[directions=1]
Vector[0] = (-0.590425,-0.804665,-0.062549)	


[directions=32]
Vector[0] = (0.519013,0.854199,0.031151)
Vector[2] = (0.514837,0.726299,0.455448)
Vector[4] = (-0.467151,-0.549242,0.692895)
Vector[6] = (0.599777,-0.492419,0.630707)
Vector[8] = (0.029535,0.733272,-0.679294)
Vector[10] = (-0.951171,-0.161172,0.263244)
Vector[12] = (-0.760744,-0.566441,0.316879)
Vector[14] = (-0.944892,0.293928,0.144174)
Vector[16] = (-0.680714,0.715159,-0.158670)
Vector[18] = (0.890215,-0.360105,0.279001)
Vector[20] = (-0.281684,0.832306,0.477411)
Vector[22] = (0.478308,-0.041353,0.877218)
Vector[24] = (-0.206770,-0.303548,0.930110)
Vector[26] = (0.118710,0.750307,0.650344)
Vector[28] = (-0.348364,0.817823,-0.458049)
Vector[30] = (-0.498520,0.514078,0.697998)
Vector[0] = (-0.519013,-0.854199,-0.031151)
Vector[2] = (-0.514837,-0.726299,-0.455448)
Vector[4] = (0.467151,0.549242,-0.692895)
Vector[6] = (-0.599777,0.492419,-0.630707)
Vector[8] = (-0.029535,-0.733272,0.679294)
Vector[10] = (0.951171,0.161172,-0.263244)
Vector[12] = (0.760744,0.566441,-0.316879)
Vector[14] = (0.944892,-0.293928,-0.144174)
Vector[16] = (0.680714,-0.715159,0.158670)
Vector[18] = (-0.890215,-0.360105,-0.279001)
Vector[20] = (0.281684,-0.832306,-0.477411)
Vector[22] = (-0.478308,0.041353,-0.877218)
Vector[24] = (0.206770,0.303548,-0.930110)
Vector[26] = (-0.118710,-0.750307,-0.650344)
Vector[28] = (0.348364,-0.817823,0.458049)
Vector[30] = (0.498520,-0.514078,-0.697998)


