# --------------
[directions=1]
Vector[0] = (-0.590425,-0.804665,-0.062549)	


#
[directions=16]
Vector[16] = (-0.680714,0.715159,-0.158670)
Vector[17] = (0.747590,0.362889,0.556256)
Vector[18] = (0.890215,-0.360105,0.279001)
Vector[19] = (-0.378146,-0.845537,0.376926)
Vector[20] = (-0.281684,0.832306,0.477411)
Vector[21] = (0.841861,0.525064,0.124811)
Vector[22] = (0.478308,-0.041353,0.877218)
Vector[23] = (0.231306,-0.428135,0.873612)
Vector[24] = (-0.206770,-0.303548,0.930110)
Vector[25] = (0.978177,0.099085,0.182624)
Vector[26] = (0.118710,0.750307,0.650344)
Vector[27] = (0.004364,0.977355,-0.211562)
Vector[28] = (-0.348364,0.817823,-0.458049)
Vector[29] = (-0.435353,0.090815,0.895667)
Vector[30] = (-0.498520,0.514078,0.697998)
Vector[31] = (0.058008,0.049572,0.997085)
